180

TABLE.

513.—The Edition of Harkncss's Grannum· quoted in the Notos is that of
1871. The following Table shews the corresponding Sections or th(-

same Grammar in the Edition of 1881.

Old Edition.

 

 

 

62, 111.
130, 2.
133, 1.
168, 4.

273, 11. 1.
301, 1.
346, 11. 1, 1).
371, 1, 3), (2).

. 378.
379.
380.
381.
384, 11.
385, 3.
386, 2.
387.
388.
389.

390, 1.
391, 1.
391, 2, 4), (2).
396, 11.
396, 111. 2, 3).
396, 111. 2, 4), (3).
396, 111. 4).
399, 2, 2).
399, 3, 3).
401.
402,111. 1.
406, 111. 2.
407, 2.
409, 4.
410, 11.
410, 111.
410, 4, 2).
414, 3.
418. ξ
421, 1.

422.
422, 1. 1).
425, 2, 2),
426.
427. 1.
423.
429.
431.
435, 1.
444, 1.
445, κ.
445, 5.
445, 7.
449, 1.
450, 2.
450, 4.
451.
453.
455, 1.

 

 

62, 111.
130, 2.
133, 1.
168, 4.
271, 2.
301, 1.
351, 1.
371, 11. 2.

379.
380.
378.
381.

384, 11.
385, 11. 1.
386. 2.

387.
388.
389.

390, 1.
391, 1.
391, 11. 4, (2).
396, 111.
397, 3.
397, 4.
397, 4.
399, 1. 2.
399, 3, 3).

401.
405.

406,111.
407.1.
410, v. 4.
409,11.
410‚1v.
410, 11. 2.
· 419,111. N, 2. Α

423.

423, 11.
425, 11. 2.
425, 11. 2.
414, 1.

429.
429.

419, 11.

424.
431.

435, 1.
444, 1.
445, 3.
445, 5.
445, 7.
449, 1.
450, 2.
450, 4.

451.
453.

455, 1.

 

⁸ Ncszlz'lion.

1
1

11

Old Εαῑιῑοη. ’

 

457.
453.
453, 1.
459, 11. 1.
463, 11. 3.
467, 111. 2.
473, 1.
481, lv,
482, 2.
485.
488, 11. 2.
489, 11.
489. 11. 1.
492, 2.
492, 3.
492, 4.
493, 2.
494.
495, 1.
497.
499, 2.
501, 1.
503, 1.
503, 11.
503, 11. 2.
503.
510.
511.
513.
516, 1.. 11.
516. 11. l,
518, 1.
518, 11.
518, 11. 3.
519.
520, 1.
520, 11.
521, 1.
522, 1.
525.
526.
526, 11. 2, 2).
527.
528-533.
531.
534, 11.
537, 1.
543.
562, 4,
569.
570, 1.
57 .
584, 2.
594, 1.
594, 11
669. 11. 3.
686.

New Edictum.

457.
458.
458, 1.
459,11. 1.
468, 11. 3.
467, 111. 2.
473, 1.
495, 11.
495, vt.
485.
483, 2.
497, 1.

Ἰ 493, 11. N. 2.

498, 1.
493, 111.
498, 111.

499. 2.

500.
501. 11. 1.
497, 11 2.
497, 11. 2.

503. 1..

513, 1.
503, 11.
507, 111.

508.

510.

511.

507, 2.

515.1.‚ 111.

514.
517.
521, 11. 2.
521, 1.
517.
516, 1.
516, 11.
519, 11. 2.
519, 1.
529, 1.
529.

5⁵²9» 11. 3, 2), N. 2.

529. 11.
522-530.
524.
487, 2.
487, 2, 1)-
537.

³ 544, 2, N. 5.

546.
547.
549, 5.
552, 2.
561,1.
561, 11.
608, 111.
625. ›

